1 270 395 4 xy
2 280 395 4 xy
3 290 395 4 xy
4 160 395 4 xy
5 170 395 4 xy
6 180 395 4 xy
7 110 395 4 xy
8 120 395 4 xy
9 130 395 4 xy
10 20 395 4 xy
11 30 395 4 xy
12 40 395 4 xy
13 145 260 4 xy
14 145 270 4 xy
15 145 280 4 xy
16 145 130 4 xy
17 145 140 4 xy
18 145 150 4 xy
19 12 260 4 xy
20 12 270 4 xy
21 12 280 4 xy
22 12 130 4 xy
23 12 140 4 xy
24 12 150 4 xy
25 295 260 4 xy
26 295 270 4 xy
27 295 280 4 xy
28 295 130 4 xy
29 295 140 4 xy
30 295 150 4 xy
31 435 280 4 xy
32 435 290 4 xy
33 435 300 4 xy
34 435 400 4 xy
35 435 410 4 xy
36 435 420 4 xy
37 550 500 4 u
38 560 500 4 u
39 12  460 4 xy
40 12  470 4 xy
41 12  480 4 xy 
